Execução 0 

17.142914285714287
9.523885714285717
5.714371428571431
3.428662857142859
1.9048571428571455
0.8164244897959207
0.00010000000000243148
-0.634819047619045
100.00 %
Tempo (91 cláusulas): 365.825367
17.142914285714287
9.523885714285717
5.714371428571431
3.428662857142859
1.9048571428571455
0.8164244897959207
0.00010000000000243148
-0.634819047619045
100.00 %
Tempo (430 cláusulas): 1170.536515
17.142914285714287
9.523885714285717
5.714371428571431
3.428662857142859
1.9048571428571455
0.8164244897959207
0.00010000000000243148
-0.634819047619045
100.00 %
Tempo (1065 cláusulas): 2599.547370


Execução 1

17.142914285714287
9.523885714285717
5.714371428571431
3.428662857142859
1.9048571428571455
0.8164244897959207
0.00010000000000243148
-0.634819047619045
100.00 %
Tempo (91 cláusulas): 303.559812
17.142914285714287
9.523885714285717
5.714371428571431
3.428662857142859
1.9048571428571455
0.8164244897959207
0.00010000000000243148
-0.634819047619045
100.00 %
Tempo (430 cláusulas): 1091.007303 
17.142914285714287
9.523885714285717
5.714371428571431
3.428662857142859
1.9048571428571455
0.8164244897959207
0.00010000000000243148
-0.634819047619045
100.00 %
Tempo (1065 cláusulas): 2534.893654


Execução 2

17.142914285714287
9.523885714285717
5.714371428571431
3.428662857142859
1.9048571428571455
0.8164244897959207
0.00010000000000243148
-0.634819047619045
100.00 %
Tempo (91 cláusulas): 322.854609
17.142914285714287
9.523885714285717
5.714371428571431
3.428662857142859
1.9048571428571455
0.8164244897959207
0.00010000000000243148
-0.634819047619045
100.00 %
Tempo (430 cláusulas): 1228.023808
17.142914285714287
9.523885714285717
5.714371428571431
3.428662857142859
1.9048571428571455
0.8164244897959207
0.00010000000000243148
-0.634819047619045
100.00 %
Tempo (1065 cláusulas): 2324.270334


Execução 3

17.142914285714287
9.523885714285717
5.714371428571431
3.428662857142859
1.9048571428571455
0.8164244897959207
0.00010000000000243148
-0.634819047619045
100.00 %
Tempo (91 cláusulas): 278.511152
17.142914285714287
9.523885714285717
5.714371428571431
3.428662857142859
1.9048571428571455
0.8164244897959207
0.00010000000000243148
-0.634819047619045
100.00 %
Tempo (430 cláusulas): 1008.086940
17.142914285714287
9.523885714285717
5.714371428571431
3.428662857142859
1.9048571428571455
0.8164244897959207
0.00010000000000243148
-0.634819047619045
100.00 %
Tempo (1065 cláusulas): 2206.574264


Execução 4

17.142914285714287
9.523885714285717
5.714371428571431
3.428662857142859
1.9048571428571455
0.8164244897959207
0.00010000000000243148
-0.634819047619045
100.00 %
Tempo (91 cláusulas): 340.935269
17.142914285714287
9.523885714285717
5.714371428571431
3.428662857142859
1.9048571428571455
0.8164244897959207
0.00010000000000243148
-0.634819047619045
100.00 %
Tempo (430 cláusulas): 1287.281143 
17.142914285714287
9.523885714285717
5.714371428571431
3.428662857142859
1.9048571428571455
0.8164244897959207
0.00010000000000243148
-0.634819047619045
100.00 %
Tempo (1065 cláusulas): 3019.299822


Execução 5

17.142914285714287
9.523885714285717
5.714371428571431
3.428662857142859
1.9048571428571455
0.8164244897959207
0.00010000000000243148
-0.634819047619045
100.00 %
Tempo (91 cláusulas): 441.063942
17.142914285714287
9.523885714285717
5.714371428571431
3.428662857142859
1.9048571428571455
0.8164244897959207
0.00010000000000243148
-0.634819047619045
100.00 %
Tempo (430 cláusulas): 1495.931534
17.142914285714287
9.523885714285717
5.714371428571431
3.428662857142859
1.9048571428571455
0.8164244897959207
0.00010000000000243148
-0.634819047619045
100.00 %
Tempo (1065 cláusulas): 3217.734119


Execução 6

17.142914285714287
9.523885714285717
5.714371428571431
3.428662857142859
1.9048571428571455
0.8164244897959207
0.00010000000000243148
-0.634819047619045
100.00 %
Tempo (91 cláusulas): 375.070247
17.142914285714287
9.523885714285717
5.714371428571431
3.428662857142859
1.9048571428571455
0.8164244897959207
0.00010000000000243148
-0.634819047619045
100.00 %
Tempo (430 cláusulas): 1415.497624
17.142914285714287
9.523885714285717
5.714371428571431
3.428662857142859
1.9048571428571455
0.8164244897959207
0.00010000000000243148
-0.634819047619045
100.00 %
Tempo (1065 cláusulas): 2876.064102


Execução 7

17.142914285714287
9.523885714285717
5.714371428571431
3.428662857142859
1.9048571428571455
0.8164244897959207
0.00010000000000243148
-0.634819047619045
100.00 %
Tempo (91 cláusulas): 331.519529
17.142914285714287
9.523885714285717
5.714371428571431
3.428662857142859
1.9048571428571455
0.8164244897959207
0.00010000000000243148
-0.634819047619045
100.00 %
Tempo (430 cláusulas): 1285.824784
17.142914285714287
9.523885714285717
5.714371428571431
3.428662857142859
1.9048571428571455
0.8164244897959207
0.00010000000000243148
-0.634819047619045
100.00 %
Tempo (1065 cláusulas): 2703.186072


Execução 8

17.142914285714287
9.523885714285717
5.714371428571431
3.428662857142859
1.9048571428571455
0.8164244897959207
0.00010000000000243148
-0.634819047619045
100.00 %
Tempo (91 cláusulas): 332.499882
17.142914285714287
9.523885714285717
5.714371428571431
3.428662857142859
1.9048571428571455
0.8164244897959207
0.00010000000000243148
-0.634819047619045
100.00 %
Tempo (430 cláusulas): 1266.911983
17.142914285714287
9.523885714285717
5.714371428571431
3.428662857142859
1.9048571428571455
0.8164244897959207
0.00010000000000243148
-0.634819047619045
100.00 %
Tempo (1065 cláusulas): 3048.202903


Execução 9

17.142914285714287
9.523885714285717
5.714371428571431
3.428662857142859
1.9048571428571455
0.8164244897959207
0.00010000000000243148
-0.634819047619045
100.00 %
Tempo (91 cláusulas): 371.419036
17.142914285714287
9.523885714285717
5.714371428571431
3.428662857142859
1.9048571428571455
0.8164244897959207
0.00010000000000243148
-0.634819047619045
100.00 %
Tempo (430 cláusulas): 1367.572661
17.142914285714287
9.523885714285717
5.714371428571431
3.428662857142859
1.9048571428571455
0.8164244897959207
0.00010000000000243148
-0.634819047619045
100.00 %
Tempo (1065 cláusulas): 3000.528735


Media 91 = 4.500 Variância 91 = 8.250
Media 430 = 4.503 Variância 430 = 8.246
Media 1065 = 4.501 Variância 1065 = 8.248
Tempo Total (10 execuções): 43610.279418 